[
    [
        0.0,
        18.09,
        35.19,
        51.68,
        17.58,
        28.71,
        52.15,
        61.0,
        55.1,
        43.32,
        37.38,
        25.21,
        44.75,
        40.48,
        40.21,
        34.76,
        43.64,
        53.45,
        47.73,
        28.21,
        44.14,
        55.92,
        50.35,
        21.57,
        3.07,
        15.02,
        46.61,
        46.64,
        33.29,
        20.66,
        38.66,
        63.51,
        51.79,
        23.44,
        44.61,
        40.43,
        32.21,
        47.67,
        38.05,
        59.7,
        64.17,
        43.88,
        48.28,
        55.38,
        44.13,
        37.59,
        42.48,
        28.1,
        44.11,
        40.99,
        40.87,
        41.31,
        28.84,
        15.0,
        17.9,
        19.61,
        34.77,
        41.38,
        41.82,
        36.1,
        30.66,
        53.13,
        22.08,
        32.49,
        33.46,
        52.84,
        11.81,
        20.9,
        37.9,
        23.34,
        27.57,
        36.22,
        56.89,
        38.32,
        38.44,
        25.91,
        62.35,
        43.07,
        29.28,
        53.77,
        22.05,
        38.23,
        47.87,
        47.68,
        51.62,
        26.67,
        58.34,
        37.92,
        30.96,
        29.32,
        23.2,
        31.27,
        48.23,
        54.17,
        44.56,
        50.63,
        55.04,
        42.27,
        36.37,
        43.4
    ],
    [
        18.09,
        0.0,
        25.56,
        67.25,
        17.56,
        21.69,
        68.88,
        69.93,
        61.39,
        33.38,
        21.23,
        36.32,
        50.1,
        53.31,
        58.29,
        43.46,
        28.83,
        41.49,
        63.12,
        10.69,
        31.48,
        40.55,
        68.44,
        39.66,
        18.06,
        29.76,
        40.0,
        63.48,
        45.27,
        35.81,
        46.44,
        78.92,
        68.45,
        35.23,
        57.99,
        44.66,
        17.29,
        36.02,
        24.27,
        74.8,
        77.49,
        61.97,
        61.72,
        69.32,
        55.23,
        25.41,
        52.7,
        10.32,
        60.08,
        35.8,
        58.3,
        28.72,
        39.16,
        4.88,
        1.72,
        33.72,
        42.19,
        32.3,
        47.5,
        41.73,
        39.23,
        47.3,
        40.09,
        47.01,
        32.53,
        65.47,
        7.77,
        38.73,
        34.22,
        21.99,
        45.64,
        39.95,
        50.6,
        41.18,
        45.14,
        43.58,
        78.15,
        25.21,
        44.83,
        69.1,
        13.26,
        25.86,
        30.89,
        63.25,
        69.14,
        43.33,
        72.82,
        52.64,
        47.65,
        43.92,
        13.64,
        44.46,
        64.71,
        70.42,
        62.23,
        68.27,
        60.53,
        38.17,
        53.23,
        57.65
    ],
    [
        35.19,
        25.56,
        0.0,
        86.62,
        42.77,
        46.66,
        86.26,
        58.02,
        46.82,
        8.22,
        38.43,
        35.09,
        75.33,
        50.07,
        69.18,
        67.65,
        14.2,
        61.42,
        82.77,
        20.43,
        51.8,
        24.8,
        79.62,
        52.6,
        32.91,
        50.11,
        14.89,
        80.73,
        67.89,
        41.02,
        71.01,
        98.44,
        71.53,
        35.44,
        54.95,
        70.02,
        37.82,
        12.69,
        9.19,
        94.77,
        72.08,
        73.06,
        58.22,
        90.57,
        48.72,
        5.49,
        45.27,
        21.55,
        78.93,
        12.34,
        74.19,
        8.19,
        62.56,
        29.91,
        24.01,
        54.65,
        33.37,
        55.48,
        34.64,
        66.8,
        33.14,
        22.22,
        51.89,
        67.68,
        58.06,
        60.02,
        25.15,
        49.6,
        13.08,
        47.53,
        58.83,
        26.72,
        25.26,
        26.29,
        70.0,
        59.34,
        97.12,
        26.04,
        48.43,
        68.66,
        38.55,
        47.32,
        23.69,
        82.66,
        75.27,
        49.72,
        70.15,
        53.04,
        53.34,
        64.51,
        12.68,
        43.77,
        67.61,
        88.7,
        69.57,
        83.16,
        45.01,
        15.34,
        58.59,
        56.3
    ],
    [
        51.68,
        67.25,
        86.62,
        0.0,
        53.31,
        61.51,
        8.67,
        88.36,
        89.4,
        94.6,
        79.26,
        62.18,
        39.9,
        64.89,
        31.95,
        32.55,
        95.09,
        82.7,
        4.2,
        77.93,
        77.72,
        107.28,
        30.54,
        36.74,
        53.74,
        37.56,
        96.42,
        10.06,
        25.19,
        52.39,
        33.74,
        11.83,
        53.32,
        60.34,
        65.26,
        42.52,
        73.54,
        99.23,
        89.65,
        8.41,
        77.5,
        30.78,
        67.08,
        9.92,
        71.56,
        89.26,
        72.68,
        77.47,
        7.81,
        90.44,
        17.18,
        92.98,
        31.92,
        62.62,
        67.78,
        33.55,
        73.16,
        69.67,
        80.54,
        39.53,
        68.98,
        102.06,
        38.48,
        20.44,
        52.91,
        72.48,
        63.04,
        41.1,
        86.8,
        53.66,
        31.95,
        79.05,
        105.91,
        81.62,
        36.57,
        28.48,
        10.94,
        91.88,
        52.01,
        62.22,
        62.03,
        73.47,
        98.13,
        4.01,
        45.41,
        47.09,
        68.9,
        57.53,
        47.12,
        23.41,
        74.87,
        59.95,
        52.98,
        5.58,
        41.31,
        18.05,
        90.8,
        90.96,
        46.76,
        61.62
    ],
    [
        17.58,
        17.56,
        42.77,
        53.31,
        0.0,
        11.79,
        56.53,
        78.43,
        71.93,
        50.77,
        26.26,
        42.69,
        32.59,
        58.0,
        52.09,
        26.25,
        46.02,
        37.14,
        49.11,
        26.99,
        28.7,
        57.29,
        61.17,
        34.36,
        20.14,
        18.53,
        56.73,
        51.49,
        29.36,
        37.97,
        29.0,
        64.53,
        67.31,
        40.98,
        62.02,
        27.25,
        20.48,
        53.58,
        41.76,
        60.17,
        81.49,
        55.27,
        65.67,
        53.83,
        61.7,
        42.96,
        59.99,
        26.22,
        46.9,
        51.98,
        47.82,
        46.27,
        22.75,
        12.89,
        18.91,
        20.83,
        51.65,
        24.32,
        58.3,
        24.17,
        47.76,
        63.9,
        35.75,
        32.93,
        16.71,
        70.34,
        18.83,
        35.53,
        49.78,
        5.91,
        39.02,
        51.86,
        67.38,
        53.66,
        27.6,
        34.83,
        64.2,
        39.34,
        46.18,
        70.37,
        8.74,
        23.1,
        46.52,
        49.43,
        65.71,
        42.87,
        75.33,
        55.03,
        46.97,
        30.15,
        30.28,
        48.81,
        64.02,
        57.26,
        58.47,
        57.98,
        71.63,
        54.0,
        51.99,
        60.6
    ],
    [
        28.71,
        21.69,
        46.66,
        61.51,
        11.79,
        0.0,
        65.77,
        88.7,
        81.38,
        54.01,
        18.74,
        53.26,
        32.95,
        69.15,
        63.55,
        30.88,
        46.31,
        25.36,
        57.35,
        27.5,
        17.29,
        56.15,
        72.34,
        46.08,
        30.91,
        29.68,
        61.4,
        61.04,
        36.46,
        49.35,
        32.25,
        72.1,
        79.1,
        51.68,
        73.32,
        27.22,
        13.7,
        55.66,
        43.31,
        67.58,
        92.88,
        66.61,
        77.0,
        60.44,
        72.46,
        45.46,
        70.51,
        26.46,
        55.83,
        57.44,
        58.18,
        48.23,
        29.64,
        18.74,
        23.4,
        31.16,
        61.37,
        12.68,
        67.53,
        26.14,
        57.76,
        68.74,
        47.52,
        41.72,
        12.86,
        81.53,
        26.43,
        47.32,
        55.91,
        8.14,
        50.55,
        60.51,
        71.91,
        62.02,
        30.02,
        46.02,
        72.17,
        36.04,
        57.76,
        82.06,
        8.51,
        12.16,
        44.23,
        57.83,
        77.43,
        54.59,
        86.91,
        66.54,
        58.72,
        39.33,
        35.3,
        59.94,
        75.8,
        65.96,
        70.18,
        68.24,
        80.82,
        59.85,
        63.77,
        72.07
    ],
    [
        52.15,
        68.88,
        86.26,
        8.67,
        56.53,
        65.77,
        0.0,
        82.58,
        84.58,
        94.01,
        82.77,
        59.04,
        47.27,
        59.66,
        25.59,
        38.68,
        95.78,
        88.21,
        10.73,
        79.55,
        82.51,
        108.06,
        22.46,
        34.4,
        53.81,
        39.27,
        94.96,
        5.53,
        30.55,
        49.42,
        40.49,
        15.01,
        45.95,
        57.34,
        59.49,
        49.3,
        77.0,
        98.95,
        90.12,
        14.02,
        70.39,
        23.72,
        60.98,
        18.43,
        66.39,
        89.36,
        67.85,
        79.21,
        10.07,
        88.92,
        12.66,
        93.09,
        36.83,
        64.5,
        69.21,
        35.88,
        69.6,
        74.92,
        76.73,
        45.84,
        65.62,
        100.17,
        35.76,
        24.07,
        58.38,
        66.24,
        63.86,
        38.36,
        85.13,
        57.71,
        28.75,
        76.07,
        104.0,
        78.65,
        43.25,
        26.94,
        12.45,
        93.95,
        47.64,
        55.14,
        65.25,
        77.9,
        99.65,
        9.75,
        37.69,
        43.04,
        61.78,
        52.15,
        42.35,
        26.5,
        75.09,
        55.69,
        45.99,
        4.35,
        34.31,
        9.72,
        86.18,
        89.14,
        41.12,
        55.75
    ],
    [
        61.0,
        69.93,
        58.02,
        88.36,
        78.43,
        88.7,
        82.58,
        0.0,
        12.3,
        59.06,
        90.41,
        35.8,
        102.51,
        23.97,
        57.0,
        90.77,
        71.81,
        111.37,
        86.45,
        73.02,
        101.39,
        79.72,
        63.03,
        55.91,
        58.3,
        69.71,
        51.03,
        78.58,
        85.26,
        42.65,
        94.97,
        97.58,
        40.37,
        37.61,
        23.11,
        99.35,
        87.18,
        64.36,
        67.21,
        96.12,
        21.68,
        59.29,
        21.77,
        97.01,
        17.91,
        63.44,
        18.64,
        73.85,
        81.62,
        47.99,
        71.19,
        65.13,
        84.31,
        70.8,
        68.41,
        73.0,
        27.74,
        100.99,
        23.58,
        94.55,
        30.97,
        49.43,
        53.61,
        79.47,
        94.42,
        17.07,
        63.03,
        51.57,
        45.45,
        84.28,
        58.06,
        31.71,
        51.44,
        31.76,
        95.78,
        63.68,
        94.9,
        83.49,
        38.04,
        31.15,
        80.76,
        95.67,
        81.65,
        85.68,
        49.06,
        43.22,
        26.65,
        30.94,
        41.82,
        77.42,
        59.98,
        31.56,
        38.43,
        86.75,
        49.19,
        74.15,
        14.94,
        45.27,
        41.61,
        26.83
    ],
    [
        55.1,
        61.39,
        46.82,
        89.4,
        71.93,
        81.38,
        84.58,
        12.3,
        0.0,
        47.21,
        81.11,
        30.77,
        98.62,
        25.14,
        59.51,
        87.33,
        60.3,
        102.82,
        86.98,
        63.21,
        92.79,
        67.72,
        67.07,
        54.43,
        52.17,
        65.86,
        38.88,
        80.06,
        82.79,
        39.45,
        91.51,
        99.51,
        46.63,
        32.79,
        26.69,
        94.92,
        78.36,
        52.37,
        56.0,
        97.52,
        32.5,
        62.38,
        27.07,
        97.34,
        18.46,
        52.14,
        16.74,
        64.12,
        82.16,
        36.18,
        72.47,
        53.57,
        80.87,
        62.91,
        59.77,
        69.65,
        20.34,
        93.27,
        13.91,
        90.29,
        24.5,
        37.12,
        52.25,
        77.9,
        88.41,
        24.26,
        55.09,
        49.88,
        33.95,
        77.84,
        57.81,
        21.65,
        39.17,
        21.05,
        91.97,
        62.72,
        97.04,
        72.67,
        37.44,
        38.47,
        73.13,
        87.24,
        70.25,
        86.33,
        54.65,
        42.5,
        35.53,
        32.69,
        42.33,
        75.5,
        50.26,
        29.68,
        43.89,
        88.54,
        53.19,
        76.99,
        2.79,
        33.35,
        43.74,
        30.43
    ],
    [
        43.32,
        33.38,
        8.22,
        94.6,
        50.77,
        54.01,
        94.01,
        59.06,
        47.21,
        0.0,
        44.0,
        40.74,
        83.36,
        54.35,
        76.1,
        75.83,
        13.96,
        66.91,
        90.78,
        26.95,
        57.62,
        20.82,
        86.47,
        60.08,
        40.96,
        58.28,
        9.82,
        88.49,
        76.1,
        47.65,
        79.16,
        106.41,
        76.82,
        41.39,
        59.1,
        77.99,
        44.18,
        5.87,
        12.12,
        102.78,
        75.02,
        79.97,
        62.12,
        98.7,
        52.08,
        8.82,
        48.51,
        28.06,
        86.88,
        11.07,
        81.82,
        7.59,
        70.77,
        37.88,
        31.91,
        62.82,
        36.99,
        62.09,
        36.59,
        74.86,
        37.65,
        16.38,
        59.23,
        75.81,
        65.74,
        63.28,
        33.36,
        56.86,
        14.07,
        55.37,
        66.25,
        29.38,
        18.69,
        28.25,
        78.11,
        67.08,
        105.02,
        28.78,
        54.45,
        73.13,
        46.12,
        53.57,
        23.97,
        90.65,
        81.19,
        56.25,
        73.96,
        58.17,
        59.63,
        72.65,
        20.87,
        49.02,
        72.94,
        96.56,
        75.83,
        90.59,
        45.05,
        13.86,
        64.67,
        60.87
    ],
    [
        37.38,
        21.23,
        38.43,
        79.26,
        26.26,
        18.74,
        82.77,
        90.41,
        81.11,
        44.0,
        0.0,
        57.53,
        51.3,
        74.54,
        76.75,
        49.54,
        32.89,
        23.0,
        75.06,
        18.37,
        13.66,
        40.39,
        86.4,
        58.25,
        38.25,
        44.4,
        53.01,
        77.74,
        54.59,
        56.74,
        50.99,
        90.2,
        89.01,
        56.46,
        79.23,
        45.61,
        5.77,
        43.84,
        31.97,
        85.74,
        98.71,
        80.2,
        82.95,
        78.87,
        76.31,
        35.24,
        73.66,
        17.33,
        73.07,
        50.63,
        73.92,
        36.9,
        47.76,
        22.54,
        22.49,
        47.06,
        62.76,
        19.87,
        67.38,
        44.85,
        60.11,
        60.17,
        59.13,
        59.02,
        31.04,
        86.67,
        28.94,
        58.21,
        50.39,
        25.79,
        63.7,
        59.46,
        62.69,
        60.26,
        48.74,
        60.31,
        90.07,
        19.37,
        65.74,
        90.15,
        17.6,
        10.73,
        27.95,
        75.45,
        88.97,
        63.81,
        94.01,
        73.76,
        68.14,
        56.33,
        30.92,
        65.68,
        85.36,
        83.39,
        81.87,
        84.09,
        79.94,
        53.52,
        73.64,
        78.84
    ],
    [
        25.21,
        36.32,
        35.09,
        62.18,
        42.69,
        53.26,
        59.04,
        35.8,
        30.77,
        40.74,
        57.53,
        0.0,
        67.85,
        17.08,
        37.03,
        56.57,
        48.66,
        76.88,
        59.16,
        42.21,
        67.08,
        59.89,
        46.94,
        25.54,
        22.55,
        35.1,
        38.31,
        53.87,
        52.33,
        9.79,
        60.75,
        73.27,
        36.45,
        2.04,
        21.9,
        64.24,
        53.46,
        46.53,
        42.81,
        70.56,
        41.2,
        40.74,
        25.57,
        69.0,
        19.24,
        40.09,
        17.3,
        42.76,
        54.5,
        32.42,
        46.38,
        43.26,
        50.13,
        36.15,
        35.04,
        38.95,
        11.33,
        65.76,
        18.95,
        59.57,
        6.93,
        42.23,
        23.7,
        48.08,
        58.63,
        29.15,
        28.76,
        21.09,
        28.43,
        48.52,
        30.39,
        17.04,
        45.96,
        19.61,
        61.19,
        33.98,
        71.21,
        55.56,
        13.84,
        34.37,
        45.65,
        61.21,
        56.75,
        58.67,
        40.45,
        16.69,
        37.09,
        18.14,
        19.32,
        45.45,
        30.18,
        8.92,
        32.53,
        62.47,
        35.29,
        53.38,
        31.21,
        31.76,
        24.02,
        22.18
    ],
    [
        44.75,
        50.1,
        75.33,
        39.9,
        32.59,
        32.95,
        47.27,
        102.51,
        98.62,
        83.36,
        51.3,
        67.85,
        0.0,
        79.28,
        58.26,
        12.09,
        77.99,
        46.37,
        36.64,
        58.79,
        44.4,
        88.61,
        63.17,
        47.95,
        47.82,
        32.86,
        89.04,
        44.62,
        19.86,
        59.89,
        8.15,
        47.26,
        79.32,
        65.85,
        82.02,
        5.74,
        46.62,
        86.1,
        74.12,
        42.79,
        99.61,
        59.69,
        85.15,
        34.39,
        84.66,
        75.51,
        84.02,
        57.89,
        37.93,
        84.03,
        46.08,
        78.75,
        18.36,
        45.48,
        51.49,
        29.56,
        78.6,
        35.23,
        85.99,
        8.71,
        74.25,
        96.1,
        50.21,
        27.9,
        20.26,
        90.55,
        50.77,
        51.71,
        81.5,
        28.47,
        48.52,
        80.91,
        99.67,
        83.06,
        6.74,
        42.2,
        48.47,
        68.93,
        65.31,
        85.66,
        38.54,
        42.15,
        76.98,
        37.55,
        74.16,
        60.46,
        91.87,
        73.88,
        63.27,
        28.16,
        62.76,
        70.97,
        77.18,
        45.41,
        67.61,
        53.92,
        98.92,
        85.82,
        66.42,
        79.4
    ],
    [
        40.48,
        53.31,
        50.07,
        64.89,
        58.0,
        69.15,
        59.66,
        23.97,
        25.14,
        54.35,
        74.54,
        17.08,
        79.28,
        0.0,
        34.41,
        67.37,
        64.13,
        93.39,
        62.77,
        59.23,
        83.71,
        74.6,
        42.06,
        32.04,
        38.26,
        46.8,
        49.57,
        55.32,
        61.51,
        20.24,
        71.56,
        74.64,
        23.92,
        18.09,
        4.94,
        76.49,
        70.34,
        60.21,
        58.49,
        72.86,
        24.17,
        37.25,
        8.52,
        73.28,
        6.74,
        55.39,
        8.86,
        59.8,
        57.93,
        44.39,
        47.79,
        58.2,
        60.96,
        52.85,
        52.08,
        49.72,
        17.55,
        81.79,
        21.28,
        71.61,
        16.93,
        51.46,
        29.73,
        55.53,
        73.04,
        12.38,
        45.67,
        27.81,
        40.64,
        63.63,
        34.12,
        25.68,
        54.73,
        27.61,
        72.55,
        39.71,
        72.1,
        72.26,
        14.16,
        18.78,
        61.95,
        77.81,
        72.82,
        62.04,
        30.72,
        19.29,
        20.29,
        7.56,
        17.93,
        53.54,
        46.93,
        9.21,
        20.44,
        63.7,
        28.29,
        51.87,
        27.02,
        42.78,
        18.63,
        6.78
    ],
    [
        40.21,
        58.29,
        69.18,
        31.95,
        52.09,
        63.55,
        25.59,
        57.0,
        59.51,
        76.1,
        76.75,
        37.03,
        58.26,
        34.41,
        0.0,
        46.6,
        80.95,
        88.64,
        30.8,
        68.09,
        80.74,
        93.08,
        10.48,
        18.66,
        40.47,
        33.92,
        75.05,
        21.92,
        38.39,
        28.55,
        50.15,
        40.58,
        22.14,
        35.72,
        33.94,
        57.75,
        71.21,
        81.6,
        74.99,
        39.3,
        45.7,
        3.89,
        35.4,
        41.31,
        41.13,
        73.29,
        42.89,
        68.1,
        26.23,
        69.05,
        15.12,
        76.89,
        41.5,
        55.03,
        57.98,
        33.45,
        46.37,
        75.24,
        52.95,
        53.06,
        42.87,
        79.26,
        18.29,
        30.42,
        61.02,
        40.69,
        51.42,
        20.06,
        65.09,
        55.73,
        13.11,
        53.69,
        82.99,
        56.21,
        52.2,
        17.85,
        37.91,
        82.98,
        23.88,
        30.46,
        59.75,
        75.18,
        86.91,
        29.89,
        15.91,
        20.35,
        37.15,
        26.85,
        18.21,
        30.21,
        60.08,
        31.74,
        21.21,
        29.8,
        9.86,
        17.48,
        61.28,
        68.66,
        15.78,
        30.18
    ],
    [
        34.76,
        43.46,
        67.65,
        32.55,
        26.25,
        30.88,
        38.68,
        90.77,
        87.33,
        75.83,
        49.54,
        56.57,
        12.09,
        67.37,
        46.6,
        0.0,
        72.2,
        50.2,
        28.7,
        53.24,
        45.82,
        83.55,
        52.21,
        35.87,
        37.79,
        21.49,
        80.6,
        35.13,
        8.62,
        48.25,
        4.21,
        42.03,
        67.36,
        54.54,
        70.01,
        11.31,
        44.16,
        79.18,
        67.71,
        37.46,
        87.52,
        48.28,
        73.11,
        29.83,
        72.88,
        68.56,
        72.38,
        52.48,
        28.74,
        75.27,
        35.35,
        72.02,
        6.47,
        38.6,
        44.61,
        17.78,
        67.54,
        37.37,
        75.04,
        7.19,
        63.14,
        87.42,
        38.15,
        16.67,
        20.58,
        78.52,
        42.54,
        39.7,
        72.43,
        24.08,
        36.47,
        70.42,
        91.11,
        72.68,
        5.61,
        30.16,
        42.54,
        65.19,
        53.34,
        73.58,
        33.97,
        42.16,
        72.66,
        29.43,
        62.46,
        48.44,
        79.78,
        61.84,
        51.2,
        16.4,
        54.97,
        59.21,
        65.16,
        37.69,
        55.79,
        44.02,
        87.76,
        76.79,
        54.33,
        67.35
    ],
    [
        43.64,
        28.83,
        14.2,
        95.09,
        46.02,
        46.31,
        95.78,
        71.81,
        60.3,
        13.96,
        32.89,
        48.66,
        77.99,
        64.13,
        80.95,
        72.2,
        0.0,
        55.13,
        91.06,
        19.2,
        46.47,
        12.3,
        91.43,
        63.4,
        42.05,
        57.63,
        23.75,
        90.26,
        74.03,
        53.59,
        75.02,
        106.89,
        85.07,
        48.79,
        69.03,
        72.37,
        34.44,
        11.46,
        5.99,
        102.92,
        86.27,
        84.83,
        72.34,
        97.85,
        62.91,
        8.76,
        59.47,
        20.12,
        87.64,
        24.33,
        84.27,
        6.75,
        67.98,
        33.71,
        27.87,
        61.9,
        47.57,
        52.24,
        48.64,
        69.95,
        47.21,
        29.86,
        63.05,
        75.24,
        58.89,
        74.22,
        32.06,
        60.97,
        26.38,
        49.52,
        69.69,
        40.83,
        31.52,
        40.24,
        73.53,
        69.25,
        105.88,
        15.4,
        61.56,
        82.61,
        39.5,
        43.26,
        10.07,
        91.08,
        88.3,
        62.29,
        84.28,
        66.76,
        66.15,
        72.09,
        20.98,
        57.48,
        81.15,
        97.79,
        82.28,
        93.73,
        58.3,
        27.34,
        71.57,
        70.26
    ],
    [
        53.45,
        41.49,
        61.42,
        82.7,
        37.14,
        25.36,
        88.21,
        111.37,
        102.82,
        66.91,
        23.0,
        76.88,
        46.37,
        93.39,
        88.64,
        50.2,
        55.13,
        0.0,
        78.75,
        41.2,
        10.03,
        60.74,
        97.08,
        71.42,
        55.28,
        54.72,
        76.01,
        83.98,
        57.73,
        74.07,
        49.74,
        92.07,
        104.43,
        75.5,
        97.77,
        41.69,
        24.52,
        66.38,
        54.82,
        87.5,
        117.4,
        91.57,
        101.49,
        79.52,
        96.09,
        58.19,
        93.8,
        40.13,
        78.14,
        73.59,
        82.1,
        59.68,
        51.4,
        40.76,
        43.08,
        55.62,
        83.64,
        13.51,
        88.95,
        43.49,
        80.52,
        83.14,
        72.87,
        64.4,
        29.85,
        105.76,
        48.4,
        72.66,
        73.21,
        32.92,
        75.73,
        81.27,
        85.6,
        82.31,
        46.95,
        70.93,
        92.72,
        40.31,
        82.71,
        107.15,
        31.49,
        15.71,
        48.5,
        79.4,
        102.75,
        79.77,
        111.78,
        91.36,
        83.95,
        62.5,
        53.19,
        84.23,
        101.1,
        87.69,
        95.5,
        91.92,
        101.86,
        76.45,
        89.07,
        96.79
    ],
    [
        47.73,
        63.12,
        82.77,
        4.2,
        49.11,
        57.35,
        10.73,
        86.45,
        86.98,
        90.78,
        75.06,
        59.16,
        36.64,
        62.77,
        30.8,
        28.7,
        91.06,
        78.75,
        0.0,
        73.79,
        73.63,
        103.22,
        30.8,
        33.63,
        49.87,
        33.47,
        92.81,
        9.81,
        21.12,
        49.37,
        30.13,
        15.84,
        52.65,
        57.28,
        63.42,
        38.94,
        69.34,
        95.35,
        85.65,
        12.0,
        76.5,
        30.14,
        65.43,
        10.6,
        69.38,
        85.32,
        70.33,
        73.33,
        4.84,
        86.85,
        15.69,
        89.04,
        27.8,
        58.48,
        63.67,
        29.4,
        70.26,
        65.65,
        77.71,
        35.76,
        66.02,
        98.55,
        35.49,
        16.25,
        48.92,
        70.89,
        59.02,
        38.08,
        83.25,
        49.48,
        29.24,
        75.92,
        102.4,
        78.48,
        32.93,
        25.24,
        15.13,
        87.71,
        49.55,
        61.26,
        57.83,
        69.33,
        94.0,
        1.06,
        45.11,
        44.52,
        67.95,
        55.53,
        44.88,
        19.24,
        70.93,
        57.39,
        52.0,
        9.0,
        40.46,
        18.96,
        88.29,
        87.44,
        44.97,
        59.85
    ],
    [
        28.21,
        10.69,
        20.43,
        77.93,
        26.99,
        27.5,
        79.55,
        73.02,
        63.21,
        26.95,
        18.37,
        42.21,
        58.79,
        59.23,
        68.09,
        53.24,
        19.2,
        41.2,
        73.79,
        0.0,
        31.44,
        30.32,
        78.38,
        49.59,
        27.62,
        40.45,
        35.27,
        74.13,
        55.64,
        43.72,
        55.93,
        89.58,
        76.56,
        41.53,
        64.09,
        53.17,
        17.39,
        28.17,
        15.81,
        85.44,
        83.12,
        71.84,
        67.74,
        79.84,
        60.07,
        18.19,
        57.13,
        1.12,
        70.77,
        32.43,
        68.83,
        20.76,
        49.35,
        15.35,
        10.39,
        44.39,
        45.71,
        35.18,
        49.66,
        50.77,
        43.59,
        42.57,
        49.81,
        57.66,
        39.84,
        70.91,
        16.67,
        48.21,
        32.03,
        30.32,
        55.71,
        41.62,
        45.4,
        42.22,
        54.38,
        54.01,
        88.83,
        14.89,
        52.61,
        76.21,
        20.32,
        26.88,
        20.21,
        73.93,
        78.04,
        51.84,
        79.3,
        59.7,
        56.09,
        54.58,
        13.05,
        50.92,
        72.72,
        81.11,
        71.33,
        78.74,
        61.9,
        35.25,
        61.71,
        64.28
    ],
    [
        44.14,
        31.48,
        51.8,
        77.72,
        28.7,
        17.29,
        82.51,
        101.39,
        92.79,
        57.62,
        13.66,
        67.08,
        44.4,
        83.71,
        80.74,
        45.82,
        46.47,
        10.03,
        73.63,
        31.44,
        0.0,
        53.25,
        89.62,
        63.02,
        45.8,
        46.94,
        66.51,
        77.95,
        52.53,
        64.64,
        46.16,
        87.79,
        95.58,
        65.75,
        88.16,
        39.09,
        14.51,
        57.49,
        45.62,
        83.23,
        107.79,
        83.85,
        91.89,
        75.63,
        86.26,
        48.83,
        83.91,
        30.35,
        72.49,
        63.87,
        75.37,
        50.56,
        45.86,
        30.93,
        33.05,
        48.41,
        73.65,
        9.23,
        78.92,
        39.77,
        70.58,
        73.71,
        64.32,
        58.46,
        25.35,
        96.05,
        38.48,
        63.92,
        63.36,
        25.36,
        67.7,
        71.24,
        76.3,
        72.28,
        43.53,
        63.28,
        88.13,
        32.32,
        73.4,
        97.91,
        22.09,
        5.92,
        40.81,
        74.19,
        94.36,
        70.69,
        102.37,
        81.93,
        74.92,
        56.24,
        43.22,
        74.59,
        92.15,
        82.42,
        87.12,
        85.39,
        91.82,
        66.68,
        80.16,
        87.3
    ],
    [
        55.92,
        40.55,
        24.8,
        107.28,
        57.29,
        56.15,
        108.06,
        79.72,
        67.72,
        20.82,
        40.39,
        59.89,
        88.61,
        74.6,
        93.08,
        83.55,
        12.3,
        60.74,
        103.22,
        30.32,
        53.25,
        0.0,
        103.56,
        75.65,
        54.35,
        69.76,
        28.99,
        102.55,
        85.82,
        65.43,
        86.17,
        119.06,
        96.33,
        60.19,
        79.43,
        82.91,
        43.25,
        15.36,
        18.15,
        115.05,
        95.79,
        96.96,
        82.58,
        109.82,
        72.72,
        19.96,
        69.17,
        31.07,
        99.87,
        31.83,
        96.57,
        16.62,
        79.63,
        45.41,
        39.75,
        73.97,
        57.49,
        60.25,
        57.41,
        80.84,
        57.71,
        32.99,
        75.26,
        87.32,
        68.97,
        83.97,
        44.28,
        73.15,
        34.86,
        60.28,
        81.95,
        50.1,
        33.25,
        49.05,
        84.52,
        81.55,
        118.09,
        21.03,
        73.13,
        93.3,
        50.13,
        51.12,
        12.47,
        103.27,
        99.96,
        74.15,
        94.48,
        77.82,
        77.91,
        84.18,
        33.25,
        68.56,
        92.41,
        110.04,
        94.1,
        106.02,
        65.44,
        34.45,
        83.24,
        80.96
    ],
    [
        50.35,
        68.44,
        79.62,
        30.54,
        61.17,
        72.34,
        22.46,
        63.03,
        67.07,
        86.47,
        86.4,
        46.94,
        63.17,
        42.06,
        10.48,
        52.21,
        91.43,
        97.08,
        30.8,
        78.38,
        89.62,
        103.56,
        0.0,
        28.8,
        50.77,
        42.7,
        85.16,
        21.0,
        43.64,
        38.84,
        55.31,
        36.48,
        24.09,
        45.77,
        40.62,
        63.52,
        80.77,
        92.0,
        85.47,
        36.37,
        48.63,
        6.61,
        41.28,
        40.45,
        48.63,
        83.76,
        50.85,
        78.36,
        27.1,
        79.2,
        17.13,
        87.35,
        47.92,
        65.02,
        68.2,
        41.47,
        55.68,
        83.59,
        61.86,
        59.1,
        52.45,
        89.13,
        28.64,
        35.55,
        68.59,
        46.09,
        61.72,
        30.51,
        75.22,
        64.34,
        22.84,
        63.28,
        92.82,
        65.75,
        57.66,
        26.35,
        33.5,
        93.27,
        33.39,
        33.62,
        69.15,
        84.21,
        97.34,
        29.76,
        15.43,
        30.42,
        40.08,
        34.65,
        27.72,
        36.19,
        70.56,
        40.9,
        24.88,
        26.77,
        13.93,
        12.76,
        69.06,
        78.69,
        24.07,
        36.8
    ],
    [
        21.57,
        39.66,
        52.6,
        36.74,
        34.36,
        46.08,
        34.4,
        55.91,
        54.43,
        60.08,
        58.25,
        25.54,
        47.95,
        32.04,
        18.66,
        35.87,
        63.4,
        71.42,
        33.63,
        49.59,
        63.02,
        75.65,
        28.8,
        0.0,
        22.01,
        17.51,
        60.58,
        29.0,
        29.51,
        15.76,
        39.99,
        48.06,
        33.58,
        23.66,
        34.26,
        45.84,
        52.78,
        65.25,
        57.51,
        45.14,
        51.74,
        22.31,
        37.27,
        43.49,
        38.06,
        56.21,
        38.24,
        49.56,
        29.01,
        54.53,
        21.89,
        59.89,
        29.63,
        36.38,
        39.4,
        18.94,
        36.72,
        58.28,
        44.24,
        40.91,
        32.43,
        65.78,
        2.32,
        23.62,
        45.62,
        42.71,
        32.94,
        4.57,
        50.73,
        38.66,
        6.3,
        42.32,
        69.62,
        44.88,
        41.28,
        8.45,
        46.18,
        64.49,
        17.89,
        38.33,
        41.53,
        57.31,
        68.76,
        33.16,
        31.35,
        12.77,
        44.23,
        26.04,
        15.33,
        21.51,
        42.42,
        24.86,
        30.67,
        37.47,
        24.11,
        30.57,
        55.45,
        54.74,
        18.98,
        31.48
    ],
    [
        3.07,
        18.06,
        32.91,
        53.74,
        20.14,
        30.91,
        53.81,
        58.3,
        52.17,
        40.96,
        38.25,
        22.55,
        47.82,
        38.26,
        40.47,
        37.79,
        42.05,
        55.28,
        49.87,
        27.62,
        45.8,
        54.35,
        50.77,
        22.01,
        0.0,
        17.7,
        43.88,
        48.28,
        36.1,
        18.85,
        41.71,
        65.57,
        50.77,
        20.87,
        42.53,
        43.49,
        33.3,
        45.49,
        36.33,
        61.86,
        62.14,
        44.23,
        46.23,
        57.8,
        41.63,
        35.6,
        39.86,
        27.63,
        46.09,
        38.19,
        42.22,
        39.33,
        31.81,
        15.71,
        17.58,
        22.29,
        31.83,
        43.53,
        38.82,
        39.18,
        27.79,
        50.31,
        22.19,
        34.92,
        36.29,
        50.64,
        10.95,
        20.7,
        35.03,
        25.98,
        28.19,
        33.15,
        54.09,
        35.25,
        41.5,
        27.21,
        64.31,
        42.51,
        27.71,
        52.23,
        23.8,
        39.87,
        46.83,
        49.77,
        51.11,
        25.56,
        56.57,
        36.14,
        29.9,
        31.78,
        21.29,
        29.06,
        47.12,
        56.01,
        44.17,
        51.8,
        52.07,
        39.4,
        35.41,
        41.52
    ],
    [
        15.02,
        29.76,
        50.11,
        37.56,
        18.53,
        29.68,
        39.27,
        69.71,
        65.86,
        58.28,
        44.4,
        35.1,
        32.86,
        46.8,
        33.92,
        21.49,
        57.63,
        54.72,
        33.47,
        40.45,
        46.94,
        69.76,
        42.7,
        17.51,
        17.7,
        0.0,
        61.58,
        33.95,
        18.47,
        27.07,
        25.66,
        49.3,
        51.08,
        33.07,
        49.92,
        29.71,
        38.66,
        62.47,
        52.3,
        45.3,
        68.43,
        36.93,
        53.26,
        40.51,
        51.92,
        52.2,
        51.18,
        40.05,
        30.32,
        55.89,
        29.55,
        55.89,
        15.08,
        25.26,
        30.23,
        4.59,
        46.05,
        41.35,
        53.57,
        24.86,
        41.65,
        67.99,
        19.42,
        17.67,
        28.11,
        58.49,
        25.65,
        20.14,
        52.69,
        21.81,
        21.06,
        49.19,
        71.78,
        51.52,
        26.15,
        16.35,
        48.43,
        54.7,
        33.16,
        55.62,
        26.85,
        41.51,
        60.64,
        33.55,
        48.33,
        28.7,
        61.29,
        42.02,
        32.17,
        14.5,
        37.85,
        38.23,
        48.18,
        40.67,
        41.1,
        39.72,
        66.28,
        57.04,
        36.38,
        47.66
    ],
    [
        46.61,
        40.0,
        14.89,
        96.42,
        56.73,
        61.4,
        94.96,
        51.03,
        38.88,
        9.82,
        53.01,
        38.31,
        89.04,
        49.57,
        75.05,
        80.6,
        23.75,
        76.01,
        92.81,
        35.27,
        66.51,
        28.99,
        85.16,
        60.58,
        43.88,
        61.58,
        0.0,
        89.51,
        79.89,
        46.58,
        84.19,
        108.11,
        72.97,
        39.39,
        54.04,
        83.9,
        52.66,
        13.8,
        21.62,
        104.76,
        68.42,
        78.84,
        56.73,
        101.39,
        46.3,
        17.93,
        42.69,
        36.39,
        88.62,
        6.05,
        82.46,
        17.38,
        75.11,
        44.06,
        38.38,
        66.17,
        32.05,
        70.37,
        29.9,
        80.4,
        33.78,
        7.35,
        59.39,
        78.64,
        72.5,
        57.16,
        38.29,
        56.86,
